121
228
0 1 2.00
1 0 2.00
1 2 2.00
2 1 2.00
2 3 3.00
3 2 3.00
3 4 3.00
4 3 3.00
4 5 3.00
5 4 3.00
5 6 2.00
6 5 2.00
6 7 2.00
7 6 2.00
7 8 1.00
8 7 1.00
8 9 2.00
9 8 2.00
9 10 2.00
10 9 2.00
10 11 3.00
11 10 3.00
11 12 2.00
12 11 2.00
12 13 3.00
13 12 3.00
13 14 3.00
14 13 3.00
14 15 2.00
15 14 2.00
15 16 3.00
16 15 3.00
16 17 0.50
17 16 0.50
17 18 2.00
18 17 2.00
18 19 1.00
19 18 1.00
19 20 1.00
20 19 1.00
20 21 2.00
21 20 2.00
21 22 1.00
22 21 1.00
22 23 1.00
23 22 1.00
12 24 9.00
24 12 9.00
24 25 2.00
25 24 2.00
25 26 4.00
26 25 4.00
26 27 3.00
27 26 3.00
27 28 5.00
28 27 5.00
41 42 1.00
42 41 1.00
42 43 3.00
43 42 3.00
43 44 2.00
44 43 2.00
44 45 2.00
45 44 2.00
45 46 2.00
46 45 2.00
46 47 2.00
47 46 2.00
47 48 1.00
48 47 1.00
48 31 2.00
31 48 2.00
31 8 1.60
8 31 1.60
8 49 2.00
49 8 2.00
49 50 2.00
50 49 2.00
50 51 4.00
51 50 4.00
51 52 3.00
52 51 3.00
52 53 3.00
53 52 3.00
53 54 2.00
54 53 2.00
54 55 1.00
55 54 1.00
55 56 2.00
56 55 2.00
56 57 2.00
57 56 2.00
57 58 2.00
58 57 2.00
48 30 2.00
30 48 2.00
30 7 1.10
7 30 1.10
7 61 2.00
61 7 2.00
61 62 2.00
62 61 2.00
62 63 2.00
63 62 2.00
63 64 2.00
64 63 2.00
64 65 3.00
65 64 3.00
65 97 4.00
97 65 4.00
97 98 2.00
98 97 2.00
98 99 2.00
99 98 2.00
99 100 2.00
100 99 2.00
100 101 2.00
101 100 2.00
101 102 3.00
102 101 3.00
102 103 2.00
103 102 2.00
103 104 3.00
104 103 3.00
104 105 2.00
105 104 2.00
105 106 2.00
106 105 2.00
106 107 2.00
107 106 2.00
107 108 2.00
108 107 2.00
108 109 2.00
109 108 2.00
63 110 2.00
110 63 2.00
110 111 2.00
111 110 2.00
111 112 2.00
112 111 2.00
112 113 2.00
113 112 2.00
113 114 1.00
114 113 1.00
114 115 2.00
115 114 2.00
115 116 2.00
116 115 2.00
116 117 1.00
117 116 1.00
117 118 3.00
118 117 3.00
118 119 1.00
119 118 1.00
119 120 1.00
120 119 1.00
65 84 4.00
84 65 4.00
84 85 1.00
85 84 1.00
85 86 1.00
86 85 1.00
86 87 1.00
87 86 1.00
87 88 1.00
88 87 1.00
88 89 2.00
89 88 2.00
89 90 1.00
90 89 1.00
90 91 0.50
91 90 0.50
91 92 1.00
92 91 1.00
92 93 1.00
93 92 1.00
93 94 1.00
94 93 1.00
94 95 2.00
95 94 2.00
95 96 0.50
96 95 0.50 
65 66 1.00
66 65 1.00
66 67 2.00
67 66 2.00
67 68 1.00
68 67 1.00
68 69 1.00
69 69 1.00
69 70 1.00
70 69 1.00
70 71 1.00
71 70 1.00
71 72 1.00
72 71 1.00
72 73 1.00
73 72 1.00
73 74 1.00
74 73 1.00
74 75 2.00
75 74 2.00
75 76 1.00
76 75 1.00
76 77 2.00
77 76 2.00
77 78 1.00
78 77 1.00
78 79 2.00
79 78 2.00
79 80 0.50
80 70 0.50
80 81 1.00
81 80 1.00
81 82 2.00
82 81 2.00
82 83 2.00
83 82 2.00
31 32 2.00
32 32 2.00
30 31 1.60
31 30 1.60
29 30 2.00
30 29 2.00
59 60 2.00
60 59 2.00
60 47 2.00
47 60 2.00